-0.009991 
-0.008089 
-0.003879 
-0.006451 
-0.023521 
0.003230 
0.001347 
-0.009584 
-0.008428 
-0.005800 
0.007657 
0.030123 
0.001203 
0.004421 
-0.012936 
-0.024797 
-0.017232 
-0.003406 
-0.008919 
0.000753 
0.024481 
0.012132 
-0.013055 
-0.002892 
-0.000905 
-0.010434 
0.000512 
0.001288 
0.051216 
0.067963 
0.042027 
0.018090 
-0.000190 
-0.012386 
-0.010724 
-0.006036 
-0.019039 
0.022057 
0.011592 
-0.006288 
-0.019367 
-0.015175 
-0.034925 
-0.038388 
-0.030320 
0.008547 
0.059215 
0.023059 
-0.018871 
-0.024707 
0.003839 
-0.026172 
-0.036014 
-0.029892 
-0.001905 
0.067873 
0.048320 
0.014322 
-0.004671 
-0.007439 
-0.023062 
-0.033197 
-0.035028 
0.029856 
0.081301 
0.039841 
0.004007 
-0.018864 
0.000521 
-0.012664 
-0.025839 
-0.035679 
0.039003 
0.057723 
0.019583 
-0.018314 
-0.035411 
-0.004341 
-0.022930 
-0.030797 
-0.016647 
0.042813 
0.043456 
0.001732 
0.000450 
-0.039228 
-0.011618 
-0.028410 
-0.022113 
0.000281 
0.057866 
0.079514 
0.021064 
-0.016790 
-0.037877 
-0.007027 
-0.013596 
-0.021872 
-0.015294 
0.038232 
0.042273 
0.001900 
-0.008192 
-0.044382 
-0.026089 
-0.036976 
-0.014332 
0.012767 
0.025796 
0.021951 
-0.001676 
-0.005136 
-0.026490 
-0.012292 
-0.020959 
-0.008968 
0.005601 
0.002477 
0.018968 
-0.001746 
-0.010504 
-0.019597 
0.006161 
-0.001493 
0.003014 
-0.000487 
0.037955 
0.022354 
-0.018741 
-0.019826 
-0.042218 
-0.026255 
-0.026146 
0.000343 
0.034871 
0.016105 
0.009962 
-0.015810 
-0.025896 
-0.033418 
-0.012588 
-0.008475 
0.021505 
0.021908 
-0.010702 
0.010667 
-0.000459 
-0.011360 
-0.036470 
0.010097 
0.003262 
0.016908 
-0.006170 
-0.013662 
0.010809 
0.001508 
-0.003733 
-0.035080 
-0.000895 
0.003105 
0.001022 
-0.013444 
0.006951 
0.010566 
-0.000597 
-0.029607 
-0.045845 
-0.002955 
0.002400 
0.041821 
0.017710 
-0.003295 
0.018055 
-0.002109 
-0.020744 
-0.049818 
0.001024 
0.012878 
0.033997 
0.016029 
-0.036139 
0.011482 
0.012767 
0.028018 
-0.015188 
-0.003570 
-0.015721 
-0.012919 
-0.037375 
-0.043418 
0.003508 
0.046112 
0.061263 
0.019579 
0.002144 
-0.022619 
-0.024427 
-0.048620 
-0.010829 
0.011289 
0.021460 
0.018087 
-0.034863 
-0.004756 
0.002338 
0.013043 
-0.004279 
-0.012750 
0.020147 
0.025206 
0.040693 
-0.011152 
-0.017710 
-0.019007 
-0.001046 
-0.016529 
-0.028654 
0.033713 
0.064334 
0.078897 
0.045709 
0.035309 
-0.009950 
-0.015689 
-0.048071 
-0.050695 
0.022690 
0.010794 
0.048952 
0.024682 
-0.019594 
-0.040665 
-0.031864 
-0.069573 
0.000422 
0.042007 
0.032904 
0.058086 
0.025896 
0.020900 
-0.008999 
0.010992 
-0.008805 
-0.043204 
0.005131 
-0.006528 
0.019377 
0.001557 
-0.038107 
-0.045306 
-0.023435 
-0.053595 
-0.042412 
-0.013442 
0.012245 
0.003705 
-0.029998 
-0.026407 
-0.024177 
-0.024597 
-0.032627 
-0.022816 
0.043099 
0.060599 
0.026334 
-0.023902 
-0.019817 
-0.020373 
-0.023715 
-0.028464 
-0.026623 
0.009091 
0.047804 
0.050222 
0.004144 
-0.019117 
-0.041957 
-0.028506 
-0.022535 
-0.002271 
0.046567 
0.077666 
0.066020 
0.004008 
-0.024587 
-0.029380 
-0.028310 
-0.022913 
0.019946 
0.074089 
0.076628 
0.048633 
-0.006340 
-0.018520 
-0.023857 
-0.025706 
-0.029179 
0.009507 
0.059676 
0.034658 
0.013871 
-0.021771 
-0.018227 
-0.021168 
-0.027699 
-0.044038 
-0.001099 
0.065535 
0.079423 
0.045928 
-0.012531 
-0.031611 
-0.040160 
-0.038048 
-0.036378 
-0.020423 
0.026111 
0.005221 
-0.015241 
-0.043402 
-0.040696 
-0.040086 
-0.038031 
-0.053886 
0.047120 
0.057858 
0.040694 
0.018697 
-0.015944 
-0.004649 
0.002579 
0.002907 
-0.002892 
0.044220 
0.052251 
0.021800 
0.007645 
-0.024734 
-0.023173 
-0.028135 
0.002609 
0.031658 
0.006882 
0.033627 
-0.005371 
-0.016843 
-0.030440 
-0.029190 
-0.016417 
-0.009227 
-0.026627 
-0.003000 
0.005740 
-0.007052 
-0.009717 
-0.029891 
-0.037766 
-0.034174 
-0.017659 
-0.014901 
0.026463 
0.029823 
-0.001595 
-0.006716 
-0.032696 
-0.017733 
-0.016637 
0.027593 
0.050474 
0.030179 
0.029509 
0.003444 
-0.005065 
-0.022876 
0.005767 
0.016124 
0.048823 
0.042383 
-0.009314 
-0.002728 
-0.010942 
-0.015567 
-0.040669 
-0.035434 
-0.031239 
-0.015360 
-0.003978 
-0.014764 
-0.000793 
-0.010008 
-0.020031 
-0.035400 
-0.029165 
-0.023762 
-0.001816 
0.001154 
0.013059 
0.010249 
0.004105 
-0.015013 
-0.018400 
0.000942 
0.019043 
0.046123 
0.039085 
0.020803 
0.020036 
0.011994 
-0.002242 
-0.023652 
0.015657 
0.033050 
0.049771 
0.034702 
-0.031875 
-0.018052 
-0.014704 
-0.027120 
-0.027984 
-0.030700 
-0.023110 
-0.007055 
-0.014109 
-0.028294 
-0.015588 
-0.011543 
-0.010433 
-0.036151 
-0.033903 
0.004254 
0.015910 
-0.013101 
0.016947 
0.032154 
0.028450 
0.027601 
-0.011053 
0.010293 
0.028713 
0.033103 
0.021652 
0.008066 
0.025778 
0.020427 
0.051532 
-0.004453 
-0.003519 
-0.004732 
0.009971 
-0.007047 
-0.013372 
0.003705 
-0.000362 
0.009456 
-0.025449 
-0.028599 
-0.007989 
0.002099 
-0.023000 
-0.021873 
-0.013559 
-0.012777 
0.006579 
-0.028090 
-0.026500 
-0.032614 
-0.021438 
-0.041795 
0.031807 
0.066252 
0.054014 
0.073999 
0.036684 
0.034871 
0.017372 
0.037949 
0.008308 
-0.008816 
0.031515 
0.011968 
0.031800 
0.027887 
-0.004936 
-0.018003 
-0.001101 
-0.022544 
-0.005659 
0.030540 
0.015388 
0.030792 
0.011562 
-0.002026 
-0.009976 
-0.008348 
-0.029468 
-0.033492 
0.003247 
-0.028336 
-0.012438 
-0.008215 
-0.029117 
-0.017193 
-0.014785 
-0.038746 
-0.022601 
-0.017256 
0.033196 
0.086926 
0.019414 
-0.036604 
-0.046780 
-0.028913 
-0.019984 
-0.023643 
0.012297 
0.046140 
0.077779 
0.024663 
-0.040942 
-0.042524 
-0.039691 
-0.030711 
-0.029282 
-0.028182 
0.019118 
0.098206 
0.053334 
-0.007150 
-0.055342 
-0.043062 
-0.021298 
-0.043063 
-0.034493 
0.001481 
0.075251 
0.036583 
-0.024424 
-0.053822 
-0.056804 
-0.046217 
0.017869 
0.069729 
0.082692 
0.083595 
0.022969 
0.000958 
-0.009002 
-0.021721 
-0.015168 
-0.005905 
0.030632 
0.014726 
0.001686 
-0.025638 
-0.024497 
-0.017597 
-0.021386 
-0.035862 
-0.024786 
0.010217 
0.041489 
0.072719 
0.034058 
0.016943 
-0.012290 
-0.030873 
-0.033273 
-0.036227 
-0.011584 
-0.015230 
0.004682 
-0.009918 
-0.020896 
-0.034181 
-0.045297 
-0.048791 
0.019551 
0.049883 
0.016549 
0.017560 
0.006643 
0.000603 
0.000849 
0.011761 
-0.003992 
0.008808 
0.039074 
0.028697 
0.019620 
0.013837 
-0.005295 
-0.008678 
-0.002896 
0.000024 
-0.012790 
0.014532 
0.018210 
0.023497 
0.006707 
-0.000573 
-0.011675 
-0.023487 
-0.026884 
-0.021198 
0.004398 
0.007252 
-0.001366 
0.006247 
-0.008716 
-0.017967 
-0.019190 
-0.014117 
0.009790 
0.030430 
0.025504 
0.001472 
0.004031 
0.003639 
0.007386 
0.003463 
0.010735 
0.005777 
0.019771 
0.004476 
-0.006095 
0.001884 
0.008898 
0.004740 
0.007670 
0.012706 
-0.009163 
-0.005319 
-0.004320 
-0.011624 
0.003721 
-0.000145 
-0.001961 
-0.008652 
-0.000862 
0.005490 
-0.010356 
-0.022813 
-0.020102 
-0.000066 
0.001905 
-0.002920 
0.000748 
0.012106 
-0.003010 
0.006975 
0.003613 
0.008839 
0.007898 
0.004431 
0.009022 
0.016295 
0.007889 
0.002513 
0.018509 
0.013911 
0.025037 
0.016854 
0.009667 
0.031072 
0.021410 
0.012858 
0.002066 
-0.005095 
-0.019223 
-0.014319 
0.010470 
-0.012409 
-0.006948 
0.000020 
0.004432 
0.008291 
0.006557 
-0.002479 
0.011600 
0.004396 
-0.005560 
-0.008258 
-0.000587 
0.004075 
0.026461 
0.047678 
0.027925 
0.040625 
0.029190 
0.004784 
0.026781 
0.022818 
0.015281 
0.026646 
0.048438 
0.016899 
0.012241 
0.017815 
-0.001098 
-0.008660 
0.000917 
-0.002417 
0.017470 
0.027871 
-0.004281 
0.010908 
0.002179 
-0.006538 
-0.007700 
-0.000963 
0.003706 
0.008108 
0.027202 
-0.014741 
-0.021399 
-0.015517 
-0.019237 
-0.025702 
-0.011875 
-0.002980 
0.019504 
0.049203 
0.031566 
0.032140 
0.042323 
0.023298 
0.012943 
0.013800 
-0.002967 
-0.013000 
0.020427 
0.000819 
0.018087 
0.043598 
0.022758 
0.008346 
0.008773 
-0.018569 
0.007353 
0.039912 
0.013635 
0.007879 
0.018818 
0.021299 
0.014799 
0.011931 
-0.003034 
-0.024389 
0.007474 
-0.000831 
0.017731 
0.029298 
0.028891 
0.015243 
0.008917 
-0.023488 
-0.028495 
-0.024481 
0.001973 
0.085977 
0.088070 
0.031616 
-0.027012 
-0.035146 
-0.027311 
-0.034749 
-0.036122 
-0.018801 
0.046577 
0.074860 
0.027215 
-0.029682 
-0.038362 
-0.039529 
-0.043970 
-0.045845 
-0.045662 
0.022561 
0.051841 
0.031370 
-0.008296 
-0.031255 
-0.042547 
-0.051236 
-0.050469 
-0.056617 
-0.014701 
0.053554 
0.036847 
-0.012636 
-0.040471 
-0.051770 
-0.018743 
-0.008038 
0.016422 
0.062214 
0.042324 
0.052754 
0.007259 
-0.010778 
-0.019274 
-0.033982 
-0.027823 
-0.009412 
0.020920 
0.011965 
0.015533 
-0.017278 
-0.030037 
-0.032016 
-0.028664 
-0.022961 
-0.010358 
0.029744 
0.037837 
0.057617 
0.017716 
0.003639 
-0.021558 
-0.041595 
-0.029834 
-0.021114 
0.004894 
0.008375 
0.021295 
-0.006629 
-0.013850 
-0.034710 
-0.012140 
-0.000335 
0.017627 
0.028855 
0.022952 
0.020292 
-0.007079 
-0.019900 
-0.012478 
-0.004391 
0.002410 
-0.002113 
-0.005922 
0.001757 
-0.003492 
-0.004152 
-0.004016 
-0.007388 
-0.015599 
-0.005316 
-0.000992 
0.018176 
0.017284 
0.037647 
0.011285 
0.013697 
-0.003766 
-0.001162 
0.009821 
-0.003907 
-0.004503 
-0.000833 
0.014378 
0.007491 
0.015629 
0.007352 
-0.004116 
0.002499 
0.002088 
-0.002282 
0.003342 
0.000679 
0.004851 
0.007466 
-0.005783 
-0.004652 
0.000625 
0.010387 
0.008908 
0.007665 
-0.000670 
0.000942 
0.005219 
0.005735 
0.007302 
0.015225 
0.002823 
0.007727 
-0.013428 
0.016467 
0.013250 
0.006427 
0.005679 
-0.006657 
0.008023 
0.029780 
0.038654 
0.003430 
0.006285 
0.008426 
-0.003317 
-0.002416 
0.005905 
0.002554 
0.007968 
0.003302 
0.017405 
-0.007264 
-0.004040 
-0.001374 
0.006304 
0.017280 
0.013057 
0.000530 
0.008492 
0.000903 
0.000817 
-0.012897 
-0.002613 
0.011263 
-0.004560 
0.013712 
0.032237 
0.029686 
0.023148 
-0.003891 
-0.002695 
-0.012517 
-0.005778 
-0.000988 
0.025735 
0.016582 
0.021389 
0.008372 
0.008482 
-0.007581 
-0.004171 
-0.002738 
0.013313 
0.023769 
0.005123 
0.013541 
0.003235 
0.007638 
0.004410 
0.004794 
0.009500 
0.008896 
0.023698 
-0.012133 
-0.013960 
-0.012207 
0.003835 
0.003715 
0.011298 
0.006809 
0.010176 
0.036456 
0.021206 
0.032088 
0.012998 
0.019470 
0.019169 
0.026050 
0.010270 
0.004383 
0.029390 
0.010735 
0.012017 
-0.002324 
0.029290 
0.026539 
0.034593 
0.015604 
0.005554 
0.017555 
0.000147 
0.005211 
0.001075 
0.012002 
0.009198 
0.009983 
-0.004072 
-0.013045 
0.003272 
-0.011129 
0.017211 
0.020955 
0.015449 
0.005896 
0.007845 
-0.015060 
0.009602 
0.028167 
0.011319 
0.034478 
0.013442 
0.039466 
0.034786 
0.039076 
0.013449 
0.000500 
0.019941 
0.014303 
0.037006 
0.016565 
0.043409 
0.028211 
0.034509 
0.001118 
-0.009839 
-0.011595 
-0.025739 
0.006518 
0.039756 
0.038803 
0.035911 
-0.000837 
-0.017469 
-0.022907 
-0.019139 
-0.034103 
-0.018235 
0.041326 
0.065134 
0.045048 
-0.000402 
-0.027070 
-0.024651 
-0.027691 
-0.032165 
-0.024722 
0.000065 
0.016015 
0.028289 
-0.006357 
-0.030445 
-0.022191 
-0.015736 
-0.025225 
-0.033096 
0.003832 
0.064441 
0.075981 
0.035835 
-0.021832 
-0.029641 
-0.024677 
-0.024191 
-0.001126 
0.019992 
0.040688 
0.038256 
0.008656 
-0.025569 
-0.035721 
-0.025840 
-0.017888 
-0.009769 
-0.009146 
0.005647 
0.008122 
0.002991 
-0.030152 
-0.040668 
-0.024666 
-0.020691 
-0.013721 
-0.013777 
0.048577 
0.084900 
0.076584 
0.002631 
-0.036802 
-0.015335 
-0.006694 
-0.014298 
-0.022548 
0.017661 
0.066363 
0.060404 
0.005433 
-0.021320 
-0.011592 
-0.013209 
-0.010438 
-0.008463 
0.007290 
0.008560 
0.010720 
-0.018781 
0.000651 
-0.001242 
-0.023222 
-0.023812 
-0.018397 
-0.005024 
-0.005452 
-0.006623 
-0.007617 
0.004204 
0.011661 
-0.003680 
-0.020134 
-0.022934 
0.020214 
0.043019 
0.049704 
0.022434 
0.020696 
0.024030 
-0.006820 
-0.022112 
-0.027927 
0.002319 
0.017481 
0.040413 
0.028883 
0.005460 
-0.003984 
-0.020511 
-0.017911 
-0.030933 
-0.010054 
-0.010375 
-0.009600 
-0.001274 
-0.008636 
-0.003137 
0.003515 
0.003511 
-0.026971 
-0.010642 
-0.018001 
-0.021142 
-0.017782 
0.024883 
0.037386 
0.005402 
-0.008666 
-0.029410 
-0.007127 
0.008353 
0.027852 
0.028788 
0.017094 
0.040117 
0.037691 
0.024546 
-0.014830 
-0.005612 
0.008233 
0.012641 
0.019755 
-0.017212 
0.003460 
-0.001873 
0.001158 
-0.016073 
-0.018562 
-0.017335 
-0.025563 
-0.033696 
-0.006068 
0.026033 
-0.004785 
0.004500 
-0.021098 
-0.030023 
-0.027474 
-0.023072 
-0.030602 
0.018744 
0.050047 
0.043202 
0.032540 
0.007101 
0.001775 
0.001719 
0.010548 
0.004738 
0.014664 
0.046471 
0.050963 
0.035520 
-0.000204 
-0.001216 
0.000825 
0.026716 
0.011367 
-0.006008 
0.022089 
0.000615 
0.009765 
-0.024779 
-0.027644 
-0.015530 
-0.002423 
-0.015575 
-0.010635 
0.018290 
-0.005843 
-0.004720 
-0.041164 
-0.024312 
-0.016870 
-0.000436 
-0.015690 
0.021714 
0.062208 
0.060950 
0.052488 
-0.011945 
-0.002525 
0.017307 
0.038059 
0.017687 
0.014087 
0.046698 
0.039214 
0.029375 
-0.009522 
0.009623 
0.024905 
0.041545 
0.016225 
-0.026373 
0.001273 
-0.006701 
0.010447 
-0.035963 
-0.001345 
-0.002011 
0.006347 
-0.022473 
-0.024328 
-0.007995 
-0.022944 
0.004409 
-0.017271 
0.009690 
-0.004413 
0.003877 
-0.029626 
0.004760 
0.041462 
0.034833 
0.042424 
0.015017 
0.047056 
0.045070 
0.047961 
0.007236 
-0.013814 
0.018862 
0.017286 
0.033439 
0.021093 
0.064731 
0.050377 
0.046181 
-0.007749 
-0.005444 
-0.029491 
-0.021157 
-0.013376 
0.003195 
0.011699 
0.036798 
0.007171 
-0.024574 
-0.004661 
-0.011136 
-0.016289 
-0.010206 
0.008012 
0.071269 
0.106662 
0.085938 
0.009914 
-0.006566 
-0.015589 
-0.018400 
-0.014320 
-0.006897 
-0.016859 
0.010477 
-0.012366 
-0.016963 
-0.003976 
-0.011142 
-0.014356 
0.001520 
-0.014244 
0.021485 
0.063859 
0.075514 
0.010720 
-0.047132 
-0.034468 
-0.027954 
-0.036084 
-0.042153 
0.004034 
0.093219 
0.084355 
-0.004746 
-0.045477 
-0.030292 
-0.017754 
-0.033444 
-0.049157 
-0.006742 
0.069764 
0.093275 
0.020046 
-0.040031 
-0.040039 
-0.030066 
-0.024106 
-0.043344 
-0.009373 
0.050028 
0.086497 
0.023156 
-0.034859 
-0.035486 
-0.018582 
-0.016808 
-0.041672 
-0.011809 
0.069103 
0.118327 
0.055555 
-0.031185 
-0.029603 
-0.033548 
-0.044517 
-0.059621 
-0.031869 
0.008330 
0.056734 
0.025277 
-0.003226 
-0.008161 
-0.031272 
-0.033044 
-0.052152 
-0.029833 
-0.013376 
0.022366 
0.011316 
-0.002391 
-0.025285 
-0.019384 
-0.024541 
-0.056815 
-0.010599 
0.030182 
0.101860 
0.049360 
0.021319 
0.019551 
-0.007963 
-0.010147 
-0.038678 
-0.015679 
0.026642 
0.063561 
0.055205 
-0.002199 
0.004901 
-0.025610 
-0.036249 
-0.061560 
-0.038001 
-0.014964 
0.012589 
-0.004032 
0.005997 
0.020960 
-0.014351 
-0.025565 
-0.048607 
-0.027797 
-0.024083 
0.003638 
-0.012478 
0.024681 
0.041383 
-0.009802 
-0.021355 
-0.047491 
-0.024014 
0.002349 
0.032166 
0.050164 
0.031744 
0.046786 
-0.003556 
-0.021727 
-0.037385 
-0.022803 
-0.010681 
0.034277 
0.046371 
-0.005036 
0.012214 
-0.006735 
-0.013155 
-0.033002 
-0.021236 
-0.027316 
-0.015283 
-0.028896 
0.003719 
0.035913 
0.009561 
0.008566 
-0.028383 
-0.022624 
-0.036005 
-0.007531 
-0.026019 
0.020736 
0.044466 
0.003073 
-0.000726 
-0.023193 
0.000041 
-0.017039 
0.004766 
0.006285 
0.021238 
0.052744 
0.040761 
0.038349 
-0.001048 
0.020940 
-0.010370 
0.013839 
0.003016 
-0.001475 
0.026616 
0.012802 
0.005268 
-0.037323 
-0.029730 
-0.012462 
0.005608 
-0.025147 
-0.020662 
0.012183 
0.011751 
-0.000037 
-0.035382 
-0.019417 
0.000134 
0.007022 
-0.036676 
0.023063 
0.062535 
0.039595 
0.031440 
-0.000641 
0.013692 
0.008469 
0.028478 
-0.004602 
0.003140 
0.024534 
0.026963 
0.020418 
-0.002515 
0.018841 
0.037648 
0.036030 
-0.010776 
-0.036986 
-0.008233 
-0.005921 
0.004561 
-0.016171 
0.011156 
0.031558 
0.026812 
-0.031600 
-0.059375 
-0.028028 
-0.019709 
-0.004068 
-0.024300 
0.034949 
0.024596 
0.017324 
-0.044783 
-0.023211 
0.010400 
0.018221 
0.026603 
0.003850 
0.054294 
0.065389 
0.043120 
-0.011402 
-0.051113 
-0.026968 
-0.013056 
0.020194 
0.017973 
0.073347 
0.081754 
0.049574 
-0.021646 
0.014064 
-0.001223 
-0.008091 
-0.006841 
0.009806 
-0.011243 
-0.006051 
-0.010494 
0.003412 
0.027206 
0.003919 
0.002498 
0.012160 
-0.007612 
0.011041 
0.030640 
0.044744 
0.031826 
0.020280 
0.001389 
0.005236 
0.000926 
0.005892 
-0.015944 
-0.009370 
-0.011048 
0.009294 
0.021723 
0.010232 
0.022967 
0.011998 
-0.015705 
-0.023104 
0.008883 
0.012377 
0.007489 
-0.008205 
-0.026697 
-0.014810 
-0.013182 
-0.032331 
-0.020007 
0.037075 
0.083995 
0.045695 
0.005004 
-0.021483 
-0.010538 
-0.000795 
-0.020988 
-0.011477 
0.056711 
0.111364 
0.077454 
0.000080 
-0.015037 
-0.007227 
-0.008186 
-0.023070 
-0.038358 
-0.007540 
0.022150 
0.007517 
-0.013148 
-0.017729 
-0.011095 
0.005104 
-0.007557 
-0.006534 
0.010639 
0.045146 
0.029681 
-0.003254 
-0.019672 
-0.018398 
-0.011775 
-0.048181 
-0.029540 
0.002234 
0.073874 
0.058270 
0.037789 
0.015619 
-0.011691 
-0.011422 
-0.021111 
-0.000568 
0.019027 
0.037266 
0.047215 
-0.021029 
-0.025323 
-0.019320 
-0.015543 
-0.038208 
-0.023013 
-0.035775 
0.007448 
0.010261 
0.006561 
-0.004185 
-0.018054 
-0.026355 
-0.012159 
-0.007793 
-0.007856 
-0.006252 
0.019915 
0.012714 
0.016919 
-0.014650 
-0.023184 
-0.033514 
-0.017881 
-0.006798 
0.009050 
0.031671 
0.019713 
0.023091 
-0.018193 
-0.020091 
-0.030533 
-0.019912 
-0.014402 
0.013189 
0.033831 
0.010628 
-0.011288 
-0.035211 
-0.040877 
-0.025180 
-0.011793 
-0.010137 
-0.007847 
0.006871 
0.000160 
-0.011201 
-0.021742 
-0.029335 
-0.024134 
-0.005706 
-0.013679 
-0.000389 
-0.000094 
0.013162 
0.031140 
-0.000881 
-0.006142 
-0.030251 
-0.009605 
-0.022218 
0.006058 
0.018439 
0.011705 
0.037039 
0.026176 
0.017649 
-0.012191 
0.018447 
-0.012269 
-0.007702 
-0.004702 
-0.006060 
-0.001111 
-0.012871 
-0.015860 
-0.018263 
-0.002793 
-0.029348 
-0.008421 
-0.010116 
-0.006280 
0.005071 
0.011638 
0.005628 
-0.007713 
0.006938 
-0.022625 
-0.028610 
-0.030155 
0.010014 
0.043046 
0.026812 
0.017741 
-0.005292 
0.022232 
0.006150 
0.006624 
-0.014760 
-0.005935 
0.026634 
0.010422 
-0.002910 
-0.002311 
0.023950 
0.006455 
0.017656 
-0.028095 
-0.008118 
0.004524 
0.007574 
0.006030 
-0.002578 
0.024449 
-0.001546 
-0.020109 
-0.028485 
-0.017319 
0.003430 
-0.021282 
-0.011171 
0.003431 
0.024619 
-0.011159 
-0.010739 
-0.033949 
-0.029877 
-0.003821 
-0.003055 
0.010516 
-0.003900 
0.039190 
0.035071 
0.024717 
-0.031655 
-0.046259 
-0.034032 
-0.027440 
0.003143 
0.000050 
0.053662 
0.066266 
0.030768 
-0.022763 
-0.028204 
-0.009995 
-0.018288 
0.006859 
0.001391 
0.035475 
0.006183 
-0.004036 
-0.028210 
-0.036860 
-0.020380 
-0.018923 
0.007209 
0.020106 
0.064312 
0.058391 
0.026313 
-0.014098 
-1.748419